taskA_fscore: 0.43330768147432797
taskA_precision: 0.6058444228558787
taskA_recall: 0.545910039113429
taskA_accuracy: 0.4844919786096257
