taskA_fscore: 0.6900527470475657
taskA_precision: 0.6939060103193417
taskA_recall: 0.6992786509339322
taskA_accuracy: 0.691566265060241
